1
#1
$1 31
   0.0000000000000000e+00   3.4642575799999999e+04   0.0000000000000000e+00   0.0000000000000000e+00   4.2009999999999996e+00   4.2009999999999996e+00   0.0000000000000000e+00   0.0000000000000000e+00   2.0000000000000000e+11   7.9300000000000000e+10   7.7885400000000004e+01   7.7885400000000004e+01   1.5577080000000001e+02   5.1480000000000004e-01   5.1480000000000004e-01   4.4131000000000000e+00   0.0000000000000000e+00   0.0000000000000000e+00   0.0000000000000000e+00
   3.1884999999999999e+00   3.4642575799999999e+04   0.0000000000000000e+00   0.0000000000000000e+00   4.2009999999999996e+00   4.2009999999999996e+00   0.0000000000000000e+00   0.0000000000000000e+00   2.0000000000000000e+11   7.9300000000000000e+10   7.7885400000000004e+01   7.7885400000000004e+01   1.5577080000000001e+02   5.1480000000000004e-01   5.1480000000000004e-01   4.4131000000000000e+00   0.0000000000000000e+00   0.0000000000000000e+00   0.0000000000000000e+00
   8.2294999999999998e+00   3.3181553200000002e+04   0.0000000000000000e+00   0.0000000000000000e+00   4.2027999999999999e+00   4.2027999999999999e+00   0.0000000000000000e+00   0.0000000000000000e+00   2.0000000000000000e+11   7.9300000000000000e+10   7.4663300000000007e+01   7.4663300000000007e+01   1.4932650000000001e+02   5.1410000000000000e-01   5.1410000000000000e-01   4.2268999999999997e+00   0.0000000000000000e+00   0.0000000000000000e+00   0.0000000000000000e+00
   1.3271500000000000e+01   3.1408016100000001e+04   0.0000000000000000e+00   0.0000000000000000e+00   4.2050000000000001e+00   4.2050000000000001e+00   0.0000000000000000e+00   0.0000000000000000e+00   2.0000000000000000e+11   7.9300000000000000e+10   7.0744500000000002e+01   7.0744500000000002e+01   1.4148900000000000e+02   5.1339999999999997e-01   5.1339999999999997e-01   4.0010000000000003e+00   0.0000000000000000e+00   0.0000000000000000e+00   0.0000000000000000e+00
   1.8312500000000000e+01   2.9701887100000000e+04   0.0000000000000000e+00   0.0000000000000000e+00   4.2069999999999999e+00   4.2069999999999999e+00   0.0000000000000000e+00   0.0000000000000000e+00   2.0000000000000000e+11   7.9300000000000000e+10   6.6966999999999999e+01   6.6966999999999999e+01   1.3393400000000000e+02   5.1270000000000004e-01   5.1270000000000004e-01   3.7837000000000001e+00   0.0000000000000000e+00   0.0000000000000000e+00   0.0000000000000000e+00
   2.2352499999999999e+01   2.8045608199999999e+04   0.0000000000000000e+00   0.0000000000000000e+00   4.2089999999999996e+00   4.2089999999999996e+00   0.0000000000000000e+00   0.0000000000000000e+00   2.0000000000000000e+11   7.9300000000000000e+10   6.3292700000000004e+01   6.3292700000000004e+01   1.2658530000000000e+02   5.1190000000000002e-01   5.1190000000000002e-01   3.5727000000000002e+00   0.0000000000000000e+00   0.0000000000000000e+00   0.0000000000000000e+00
   2.7393500000000000e+01   2.6415425299999999e+04   0.0000000000000000e+00   0.0000000000000000e+00   4.2110000000000003e+00   4.2110000000000003e+00   0.0000000000000000e+00   0.0000000000000000e+00   2.0000000000000000e+11   7.9300000000000000e+10   5.9669300000000000e+01   5.9669300000000000e+01   1.1933860000000000e+02   5.1119999999999999e-01   5.1119999999999999e-01   3.3650000000000002e+00   0.0000000000000000e+00   0.0000000000000000e+00   0.0000000000000000e+00
   3.2435499999999998e+01   2.4847304899999999e+04   0.0000000000000000e+00   0.0000000000000000e+00   4.2129000000000003e+00   4.2129000000000003e+00   0.0000000000000000e+00   0.0000000000000000e+00   2.0000000000000000e+11   7.9300000000000000e+10   5.6177399999999999e+01   5.6177399999999999e+01   1.1235490000000000e+02   5.1060000000000005e-01   5.1060000000000005e-01   3.1652999999999998e+00   0.0000000000000000e+00   0.0000000000000000e+00   0.0000000000000000e+00
   3.7476500000000001e+01   2.3341287000000000e+04   0.0000000000000000e+00   0.0000000000000000e+00   4.2050999999999998e+00   4.2050999999999998e+00   0.0000000000000000e+00   0.0000000000000000e+00   2.0000000000000000e+11   7.9300000000000000e+10   5.2577300000000001e+01   5.2577300000000001e+01   1.0515460000000000e+02   5.1000000000000001e-01   5.1000000000000001e-01   2.9733999999999998e+00   0.0000000000000000e+00   0.0000000000000000e+00   0.0000000000000000e+00
   4.2517499999999998e+01   2.1921191299999999e+04   0.0000000000000000e+00   0.0000000000000000e+00   4.2020999999999997e+00   4.2020999999999997e+00   0.0000000000000000e+00   0.0000000000000000e+00   2.0000000000000000e+11   7.9300000000000000e+10   4.9310099999999998e+01   4.9310099999999998e+01   9.8620099999999994e+01   5.0939999999999996e-01   5.0939999999999996e-01   2.7925000000000000e+00   0.0000000000000000e+00   0.0000000000000000e+00   0.0000000000000000e+00
   4.7559500000000000e+01   2.0701936300000001e+04   0.0000000000000000e+00   0.0000000000000000e+00   4.0457000000000001e+00   4.0457000000000001e+00   0.0000000000000000e+00   0.0000000000000000e+00   2.0000000000000000e+11   7.9300000000000000e+10   4.3164000000000001e+01   4.3164000000000001e+01   8.6328000000000003e+01   5.0960000000000005e-01   5.0960000000000005e-01   2.6372000000000000e+00   0.0000000000000000e+00   0.0000000000000000e+00   0.0000000000000000e+00
   5.2600499999999997e+01   2.0262473200000000e+04   0.0000000000000000e+00   0.0000000000000000e+00   4.0395000000000003e+00   4.0395000000000003e+00   0.0000000000000000e+00   0.0000000000000000e+00   2.0000000000000000e+11   7.9300000000000000e+10   4.2118099999999998e+01   4.2118099999999998e+01   8.4236199999999997e+01   5.0939999999999996e-01   5.0939999999999996e-01   2.5811999999999999e+00   0.0000000000000000e+00   0.0000000000000000e+00   0.0000000000000000e+00
   5.7641500000000001e+01   1.9082916900000000e+04   0.0000000000000000e+00   0.0000000000000000e+00   3.8812000000000002e+00   3.8812000000000002e+00   0.0000000000000000e+00   0.0000000000000000e+00   2.0000000000000000e+11   7.9300000000000000e+10   3.6619399999999999e+01   3.6619399999999999e+01   7.3238699999999994e+01   5.0960000000000005e-01   5.0960000000000005e-01   2.4308999999999998e+00   0.0000000000000000e+00   0.0000000000000000e+00   0.0000000000000000e+00
   6.2683500000000002e+01   1.8672407700000000e+04   0.0000000000000000e+00   0.0000000000000000e+00   3.8786000000000000e+00   3.8786000000000000e+00   0.0000000000000000e+00   0.0000000000000000e+00   2.0000000000000000e+11   7.9300000000000000e+10   3.5782400000000003e+01   3.5782400000000003e+01   7.1564800000000005e+01   5.0939999999999996e-01   5.0939999999999996e-01   2.3786999999999998e+00   0.0000000000000000e+00   0.0000000000000000e+00   0.0000000000000000e+00
   6.7724500000000006e+01   1.7516769300000000e+04   0.0000000000000000e+00   0.0000000000000000e+00   3.7170999999999998e+00   3.7170999999999998e+00   0.0000000000000000e+00   0.0000000000000000e+00   2.0000000000000000e+11   7.9300000000000000e+10   3.0832000000000001e+01   3.0832000000000001e+01   6.1664000000000001e+01   5.0960000000000005e-01   5.0960000000000005e-01   2.2313999999999998e+00   0.0000000000000000e+00   0.0000000000000000e+00   0.0000000000000000e+00
   7.2765500000000003e+01   1.7104316800000001e+04   0.0000000000000000e+00   0.0000000000000000e+00   3.7113000000000000e+00   3.7113000000000000e+00   0.0000000000000000e+00   0.0000000000000000e+00   2.0000000000000000e+11   7.9300000000000000e+10   3.0011500000000002e+01   3.0011500000000002e+01   6.0023000000000003e+01   5.0939999999999996e-01   5.0939999999999996e-01   2.1789000000000001e+00   0.0000000000000000e+00   0.0000000000000000e+00   0.0000000000000000e+00
   7.7807500000000005e+01   1.5993853999999999e+04   0.0000000000000000e+00   0.0000000000000000e+00   3.5495000000000001e+00   3.5495000000000001e+00   0.0000000000000000e+00   0.0000000000000000e+00   2.0000000000000000e+11   7.9300000000000000e+10   2.5670100000000001e+01   2.5670100000000001e+01   5.1340100000000000e+01   5.0960000000000005e-01   5.0960000000000005e-01   2.0373999999999999e+00   0.0000000000000000e+00   0.0000000000000000e+00   0.0000000000000000e+00
   8.2848500000000001e+01   1.5581815300000000e+04   0.0000000000000000e+00   0.0000000000000000e+00   3.5415999999999999e+00   3.5415999999999999e+00   0.0000000000000000e+00   0.0000000000000000e+00   2.0000000000000000e+11   7.9300000000000000e+10   2.4896799999999999e+01   2.4896799999999999e+01   4.9793700000000001e+01   5.0939999999999996e-01   5.0939999999999996e-01   1.9849000000000001e+00   0.0000000000000000e+00   0.0000000000000000e+00   0.0000000000000000e+00
   8.7889499999999998e+01   1.4487195400000001e+04   0.0000000000000000e+00   0.0000000000000000e+00   3.3753000000000002e+00   3.3753000000000002e+00   0.0000000000000000e+00   0.0000000000000000e+00   2.0000000000000000e+11   7.9300000000000000e+10   2.1024600000000000e+01   2.1024600000000000e+01   4.2049199999999999e+01   5.0960000000000005e-01   5.0960000000000005e-01   1.8454999999999999e+00   0.0000000000000000e+00   0.0000000000000000e+00   0.0000000000000000e+00
   9.2931500000000000e+01   1.4081675700000000e+04   0.0000000000000000e+00   0.0000000000000000e+00   3.3666000000000000e+00   3.3666000000000000e+00   0.0000000000000000e+00   0.0000000000000000e+00   2.0000000000000000e+11   7.9300000000000000e+10   2.0331600000000002e+01   2.0331600000000002e+01   4.0663200000000003e+01   5.0939999999999996e-01   5.0939999999999996e-01   1.7938000000000001e+00   0.0000000000000000e+00   0.0000000000000000e+00   0.0000000000000000e+00
   9.7972499999999997e+01   1.3010146699999999e+04   0.0000000000000000e+00   0.0000000000000000e+00   3.1943000000000001e+00   3.1943000000000001e+00   0.0000000000000000e+00   0.0000000000000000e+00   2.0000000000000000e+11   7.9300000000000000e+10   1.6910599999999999e+01   1.6910599999999999e+01   3.3821199999999997e+01   5.0960000000000005e-01   5.0960000000000005e-01   1.6573000000000000e+00   0.0000000000000000e+00   0.0000000000000000e+00   0.0000000000000000e+00
   1.0301349999999999e+02   1.2595556900000000e+04   0.0000000000000000e+00   0.0000000000000000e+00   3.1831999999999998e+00   3.1831999999999998e+00   0.0000000000000000e+00   0.0000000000000000e+00   2.0000000000000000e+11   7.9300000000000000e+10   1.6258299999999998e+01   1.6258299999999998e+01   3.2516599999999997e+01   5.0939999999999996e-01   5.0939999999999996e-01   1.6045000000000000e+00   0.0000000000000000e+00   0.0000000000000000e+00   0.0000000000000000e+00
   1.0805450000000000e+02   1.1557405699999999e+04   0.0000000000000000e+00   0.0000000000000000e+00   3.0081000000000002e+00   3.0081000000000002e+00   0.0000000000000000e+00   0.0000000000000000e+00   2.0000000000000000e+11   7.9300000000000000e+10   1.3321899999999999e+01   1.3321899999999999e+01   2.6643799999999999e+01   5.0960000000000005e-01   5.0960000000000005e-01   1.4722999999999999e+00   0.0000000000000000e+00   0.0000000000000000e+00   0.0000000000000000e+00
   1.1309650000000001e+02   1.1152161000000000e+04   0.0000000000000000e+00   0.0000000000000000e+00   2.9944999999999999e+00   2.9944999999999999e+00   0.0000000000000000e+00   0.0000000000000000e+00   2.0000000000000000e+11   7.9300000000000000e+10   1.2739200000000000e+01   1.2739200000000000e+01   2.5478500000000000e+01   5.0939999999999996e-01   5.0939999999999996e-01   1.4207000000000001e+00   0.0000000000000000e+00   0.0000000000000000e+00   0.0000000000000000e+00
   1.1813750000000000e+02   1.0158603700000000e+04   0.0000000000000000e+00   0.0000000000000000e+00   2.8172999999999999e+00   2.8172999999999999e+00   0.0000000000000000e+00   0.0000000000000000e+00   2.0000000000000000e+11   7.9300000000000000e+10   1.0271300000000000e+01   1.0271300000000000e+01   2.0542600000000000e+01   5.0970000000000004e-01   5.0970000000000004e-01   1.2941000000000000e+00   0.0000000000000000e+00   0.0000000000000000e+00   0.0000000000000000e+00
   1.2317850000000000e+02   9.7938320999999996e+03   0.0000000000000000e+00   0.0000000000000000e+00   2.8037000000000001e+00   2.8037000000000001e+00   0.0000000000000000e+00   0.0000000000000000e+00   2.0000000000000000e+11   7.9300000000000000e+10   9.8072999999999997e+00   9.8072999999999997e+00   1.9614500000000000e+01   5.0939999999999996e-01   5.0939999999999996e-01   1.2476000000000000e+00   0.0000000000000000e+00   0.0000000000000000e+00   0.0000000000000000e+00
   1.2822049999999999e+02   8.8984002999999993e+03   0.0000000000000000e+00   0.0000000000000000e+00   2.6211000000000002e+00   2.6211000000000002e+00   0.0000000000000000e+00   0.0000000000000000e+00   2.0000000000000000e+11   7.9300000000000000e+10   7.7874999999999996e+00   7.7874999999999996e+00   1.5574999999999999e+01   5.0980000000000003e-01   5.0980000000000003e-01   1.1335999999999999e+00   0.0000000000000000e+00   0.0000000000000000e+00   0.0000000000000000e+00
   1.3326150000000001e+02   8.6512911999999997e+03   0.0000000000000000e+00   0.0000000000000000e+00   2.6179999999999999e+00   2.6179999999999999e+00   0.0000000000000000e+00   0.0000000000000000e+00   2.0000000000000000e+11   7.9300000000000000e+10   7.5533999999999999e+00   7.5533999999999999e+00   1.5106900000000000e+01   5.0949999999999995e-01   5.0949999999999995e-01   1.1021000000000001e+00   0.0000000000000000e+00   0.0000000000000000e+00   0.0000000000000000e+00
   1.3830250000000001e+02   7.9554470000000001e+03   0.0000000000000000e+00   0.0000000000000000e+00   2.4870000000000001e+00   2.4870000000000001e+00   0.0000000000000000e+00   0.0000000000000000e+00   2.0000000000000000e+11   7.9300000000000000e+10   6.2682000000000002e+00   6.2682000000000002e+00   1.2536500000000000e+01   5.0970000000000004e-01   5.0970000000000004e-01   1.0134000000000001e+00   0.0000000000000000e+00   0.0000000000000000e+00   0.0000000000000000e+00
   1.4334450000000001e+02   7.3529229999999998e+03   0.0000000000000000e+00   0.0000000000000000e+00   2.3675999999999999e+00   2.3675999999999999e+00   0.0000000000000000e+00   0.0000000000000000e+00   2.0000000000000000e+11   7.9300000000000000e+10   5.2506000000000004e+00   5.2506000000000004e+00   1.0501300000000001e+01   5.0990000000000002e-01   5.0990000000000002e-01   9.3669999999999998e-01   0.0000000000000000e+00   0.0000000000000000e+00   0.0000000000000000e+00
   1.4938600000000000e+02   6.5392837000000000e+03   0.0000000000000000e+00   0.0000000000000000e+00   2.1055999999999999e+00   2.1055999999999999e+00   0.0000000000000000e+00   0.0000000000000000e+00   2.0000000000000000e+11   7.9300000000000000e+10   3.6934000000000000e+00   3.6934000000000000e+00   7.3868000000000000e+00   5.1110000000000000e-01   5.1110000000000000e-01   8.3299999999999996e-01   0.0000000000000000e+00   0.0000000000000000e+00   0.0000000000000000e+00
